4.872185521131399 2.052555
16.63157404543081 2.653821
11.143489137883963 3.551206
9.959167413604224 4.555306
10.037328825903536 5.551587
9.90219601000914 6.561464
10.023294135571067 7.55914
10.006153784577515 8.558525
9.982450851403234 9.560283
9.99290503742343 10.560993
9.896619908436474 11.571439
10.032364407578848 12.568213
9.94662640272299 13.573579
10.026268824319716 14.570959
9.995282226788955 15.571431
9.928376690554341 16.578645
9.983517213081202 17.580296
9.995731822511788 18.580723
9.981554088045291 19.582571
9.984843008313382 20.584089
9.991716866717491 21.584918
9.956509964475174 22.589286
10.007766026436515 23.58851
9.94750700553181 24.593787
9.993913706552709 25.594396
10.000410016810688 26.594355
9.946586828729721 27.599725
10.015193047853593 28.598208
9.960506591365236 29.602173
9.950545787436441 30.607143
10.053292503561378 31.601842
9.95375485494393 32.606488
9.993374392777588 33.607151
9.967009199549492 34.610461
9.969761712725303 35.613494
9.958949211350813 36.617616
9.956163014248265 37.622019
10.018062566807954 38.620216
9.952159967038446 39.625023
9.999030094080874 40.62512
9.972824054451618 41.627845
9.989341372755272 42.628912
9.987016878058522 43.630212
10.03977759884663 44.62625
9.919542590052087 45.634361
9.993384379540744 46.635023
10.016035673112652 47.633422
9.932942703806603 48.640173
9.989740536469048 49.6412
9.973480515309792 50.643859
Average 9.87176166976979