4.2416106243862925 2.357671
7.39605583134626 3.709743
7.528810877023651 5.037974
7.619517852149352 6.350393
7.574105043748031 7.670681
7.575177959868222 8.990782
7.563707214944675 10.312885
7.573370816469961 11.633301
7.577634762551026 12.952974
7.568916880425494 14.274167
7.5328431963360245 15.601687
7.577479730241721 16.921387
7.555923277155045 18.244852
7.563232404517972 19.567038
7.532185026618742 20.894674
7.567765556677267 22.216068
7.560499113909503 23.538732
7.55459326825303 24.86243
7.541591879213865 26.18841
7.573686287310819 27.508771
7.558596126824173 28.831768
7.553857112749626 30.155595
7.557276599346446 31.478823
7.573376552068858 32.799238
7.527082442628578 34.127774
7.558036271016065 35.450869
7.568745018819684 36.772092
7.579162457073519 38.091499
7.508454519789283 39.423331
7.558944650383693 40.746267
7.561453825604141 42.068764
7.563461221377971 43.39091
7.559990413932154 44.713663
7.573881318794511 46.03399
7.54945458965317 47.358589
7.561625356247074 48.681056
7.56101359923906 50.00363
7.55528390112551 51.327207
7.5752009132662215 52.647304
7.55720235391739 53.970545
7.567244425778575 55.29203
7.553103985848503 56.615989
7.583967795439154 57.93456
7.57019462970393 59.25553
7.513650424408545 60.586441
7.585365705651401 61.904769
7.562334432140526 63.227112
7.551672317834784 64.551322
7.544897800586842 65.876721
7.593481451782532 67.19364
Average 7.4403505238416