4.8768212488954 2.050622
17.226736584248215 2.631115
10.738993069053874 3.562301
10.06764450341847 4.555582
10.023706064843354 5.553217
9.983726525763005 6.554847
9.90897614513083 7.564033
9.9578682593945 8.568264
10.054242639037609 9.562869
10.004842343694348 10.562385
9.96507242116382 11.56589
9.920575869588077 12.573896
9.998820139223572 13.574014
10.056780583172593 14.568368
9.881452217743728 15.580365
9.870148328589083 16.593521
10.101826410214967 17.583441
9.970885015753998 18.586361
9.990588865288897 19.587303
9.952556164762576 20.59207
10.008096550109038 21.591261
9.926671676326972 22.598648
10.105766956971665 23.588182
10.013077078664736 24.586876
9.9755399759789 25.589328
9.969890929393232 26.592348
9.818225375399848 27.610862
10.052110138960371 28.605678
9.980269008170847 29.607655
10.067218820061552 30.600978
9.98298898676655 31.602682
9.776948692528652 32.625496
10.172350128222474 33.608553
9.953279306933256 34.613247
10.04755507818505 35.608514
9.98142456887732 36.610375
9.94513270287822 37.615892
9.882604540661482 38.627771
10.035545903590519 39.624229
10.069083985222612 40.617368
9.930506316795068 41.624366
10.033068995408867 42.62107
9.872379747010397 43.633997
10.01944774807902 44.632056
10.0194778649695 45.630112
9.84650286680931 46.645701
10.134803014901202 47.6324
9.868901512310467 48.645684
10.12219513972678 49.633612
9.828193352013452 50.651093
Average 9.870335378203615