9.00148344447165 1.111195
9.942018150148334 2.117027
9.992246017090736 3.117803
9.970934725275821 4.120718
10.011613471627088 5.119558
9.94275953336641 6.125315
9.996741062413653 7.125641
9.94895192765918 8.130772
10.015604311517343 9.129214
10.016306547058612 10.127586
9.972674870853862 11.130326
9.961052285563445 12.134236
9.965698067252518 13.137678
10.00203041217367 14.137475
9.948367970234482 15.142665
9.99675105590683 16.14299
10.017962206235781 17.141197
9.97307270370001 18.143897
9.986777506581285 19.145221
9.966244330452756 20.148608
9.97150144885916 21.151466
9.98405546342491 22.153063
10.007285303701094 23.152335
9.994952548962774 24.15284
9.97778944070499 25.155066
10.00166027560575 26.1549
9.953338747949612 27.159588
10.014380650614282 28.158152
9.947764289714708 29.163403
9.950793326997996 30.168348
9.975579780696854 31.170796
9.992735281450386 32.171523
9.98783481719266 33.172741
10.004602116973809 34.172281
9.927627594833663 35.179571
10.03069392340562 36.176511
9.94792262505782 37.181746
10.003881506024339 38.181358
9.956014328695822 39.185776
10.042711652658758 40.181523
9.958155829205678 41.185725
10.021676887106812 42.183562
9.939369843951894 43.189662
9.98661793197116 44.191002
9.974435521757734 45.193565
9.986996929997144 46.194867
9.997950420163866 47.195072
9.944519525566863 48.200651
10.040442904017382 49.196623
Average 9.956759473061897