8.887648568155377 1.125261
15.205425295745522 1.782921
15.143369854093631 2.443276
14.919650223720156 3.113533
14.92241092439859 3.783666
14.989402492437847 4.450804
15.005552054260075 5.117224
14.94607456297678 5.786296
14.995763696755667 6.453151
14.87656910612647 7.125349
14.940045597019163 7.794691
14.999835001814981 8.461365
14.966161508828538 9.129539
14.974386312212959 9.797346
14.97725703519206 10.465025
14.968670572491774 11.133087
14.979926897956737 11.800647
14.938840387453764 12.470043
14.987672639254214 13.137258
14.859061798838022 13.810248
Average 14.477021926028787