6.1284235672205325 1.631826
12.424088817326137 2.436714
12.694092677031817 3.224482
12.767935118460901 4.007694
12.81607648634447 4.787964
11.532349393283098 5.65509
9.997480634880011 6.655342
9.954527717386977 7.65991
10.008547299393683 8.659056
9.952684935815135 9.66381
10.011944249489641 10.662617
9.995991607365445 11.663018
9.955330432350046 12.667505
10.010220435064202 13.666484
9.965628547140911 14.669933
9.993464274364566 15.670587
9.955994504291032 16.675007
9.995442078412244 17.675463
10.000380014440548 18.675425
9.95229863265369 19.680218
Average 10.15910840007402