12.343484615080776 0.81047
14.933530854168099 1.480104
15.02975139288221 2.145451
15.019141896346895 2.811268
14.954836394089847 3.479948
14.942010058961172 4.149202
14.964437015432823 4.817453
14.810952995959573 5.492629
15.0533037485737 6.156935
14.94964958021384 6.825847
14.983518130056938 7.493247
14.946834111066934 8.162285
14.97609067124336 8.830016
14.958326103475716 9.49854
15.007961723694418 10.164853
14.994302165177233 10.831773
14.877365873107971 11.503935
15.09538775522527 12.166389
14.86029833534938 12.839323
Average 14.793377072668523