9.022493979740892 1.108432
14.947906545688276 1.777422
14.963765242465369 2.445703
14.97035121940996 3.11369
14.975014188825943 3.781469
14.940224163123343 4.450803
14.998192717777508 5.11755
14.98998668889182 5.784662
14.95756538699709 6.45322
14.849022563089786 7.126665
14.985583868318678 7.793973
14.97858062969953 8.461593
14.93980007559539 9.130946
14.977122445464554 9.798631
14.962892027771128 10.466951
15.00618254720945 11.133343
14.973399755334649 11.801194
14.979455676539626 12.468775
14.943483744478383 13.137963
14.851271937185059 13.811306
Average 14.47562727778519