9.04480525177572 1.105813
9.92597210007762 2.113271
10.037872894430688 3.109498
9.95043687393095 4.114479
10.014721640811993 5.113009
9.946458215426361 6.118392
10.023605591167199 7.116037
9.967724508042956 8.119275
10.025072706839806 9.116774
9.955142129564186 10.12128
9.95901863830338 11.125395
10.034126062739377 12.121994
9.911323389632953 13.130941
10.021927978416775 14.128753
9.982600327628942 15.130496
9.972177624427845 16.133286
9.974236546999101 17.135869
9.948278898009251 18.141068
10.042691481487804 19.136817
9.953972829635765 20.141441
10.015032563878382 21.13994
9.921077825895006 22.147895
10.023183623721668 23.145582
9.9702090154618 24.14857
9.993693979099188 25.149201
9.9529920186957 26.153924
9.998510221976925 27.154073
10.0083269280041 28.153241
9.961727044694285 29.157083
10.009318675687064 30.156152
9.902333286792368 31.166015
10.017922062569937 32.164226
9.999570018489205 33.164269
10.011172468474818 34.163153
9.987086696900906 35.164446
9.925243069202764 36.171978
10.105858871680857 37.161503
9.87525576912442 38.174135
9.99577178853345 39.174558
10.064189399993156 40.16818
9.886229273520327 41.179688
10.03867903030376 42.175835
9.943560351445196 43.181511
10.000360012960467 44.181475
9.949496356494434 45.186551
10.031901446600187 46.183371
9.953041549967255 47.188089
10.006694478606187 48.18742
10.028430600753136 49.184585
