10.430922260422578 0.959033
14.669123255841246 1.640737
15.062259851094499 2.304648
15.079862954205474 2.967784
14.48922581168643 3.657952
15.32116220208 4.310644
15.124977690657905 4.971802
14.699397324709686 5.652102
14.758208884736913 6.329691
15.477073037855371 6.975808
14.98679663216706 7.643062
15.00055502053576 8.309704
14.899288260999771 8.980877
14.865268637702187 9.653586
14.806873943159372 10.328948
14.909351145038169 10.999668
15.181694520015546 11.658356
15.036395595539002 12.323409
14.882126120066017 12.995356
Average 14.612819849335082