2.500826523165906 3.998769
4.366655866471157 6.288851
4.574163659916421 8.475043
4.166284757230587 10.875263
3.2939931728697496 13.911092
3.8167895227600885 16.531095
4.457011235233922 18.774751
4.850349734467604 20.836458
4.6672158423974555 22.979063
4.670762614095054 25.120041
4.649182022914888 27.270957
4.872954759975304 29.3231
4.850620297323622 31.384692
4.518844712160889 33.597647
4.65293956436388 35.746826
4.665090798994766 37.890407
4.604013410570262 40.062425
4.1844680913385695 42.452215
4.21959088534612 44.822113
4.129862706844174 47.243501
Average 4.232298327598851