2.5055661151247497 3.991217
4.08807345450383 6.437357
4.207429647568863 8.814105
4.259576913263514 11.161756
4.248133476353827 13.515731
4.252053210193872 15.867536
4.269811069399801 18.20956
4.004454555247257 20.706779
4.05905766540863 23.170405
4.314008015426893 25.488435
4.2921310215915645 27.81828
4.269056427534048 30.160718
4.249700502357096 32.513825
3.813596003656476 35.136022
3.522424104089041 37.974976
2.5428127017562954 41.907629
2.807730017666237 45.469225
4.089317231237803 47.914621
4.062601438079657 50.376098
4.502277702289589 52.597196
Average 3.8017439207643573