2.7888393993843916 3.585809
4.565909821454662 5.775953
4.434697963808429 8.030898
4.32241778761368 10.344418
2.8573379725072656 13.844179
2.6386038830222462 17.634062
3.240379798435415 20.72012
3.3273153290082673 23.725546
3.357628010407304 26.703839
3.240126766719621 29.790138
3.238161604988323 32.87831
2.8850620144079997 36.34444
2.4107248326354282 40.49257
3.2421090308298632 43.576982
3.369473179498912 46.544805
3.0001551080190847 49.877966
2.509776205765508 53.862385
3.3112977505692123 56.882349
3.290632982869952 59.921278
3.0260216681307566 63.225947
Average 3.1623138207502492