8.110260615114607 1.233656
10.053444108882822 2.22834
9.978317116904966 3.230513
9.985610734930964 4.231954
9.975122045618228 5.234448
9.931926575253215 6.241302
10.013799015042729 7.239924
9.996691095247472 8.240255
10.014631376440981 9.238794
9.989191694586458 10.239876
9.92909632315634 11.247017
10.00998996999005 12.246019
9.936485981605578 13.252411
10.00806650160029 14.251605
9.955241235405616 15.256101
10.014581230271276 16.254645
9.979223257178555 17.256727
9.953517075258542 18.261397
10.01657743565601 19.259742
9.981583977561398 20.261587
10.018203074987252 21.25977
9.954032278935873 22.264388
9.985321577281395 23.265858
9.940634530583356 24.27183
10.025334019066179 25.269303
9.996930942200743 26.26961
9.938194369217834 27.275829
9.999100080992712 28.275919
9.970735890162373 29.278854
9.994672839376614 30.279387
9.97561958573247 31.281831
10.004942441566133 32.281337
9.980249087056714 33.283316
9.962441595186148 34.287086
10.012004393267528 35.285887
9.95094185664673 36.290817
10.033834088546579 37.287445
9.932133730221397 38.294278
10.015744750748176 39.292706
9.93572578986536 40.299175
10.00297088235206 41.298878
9.996831004571552 42.299195
9.962977575330074 43.302911
10.017791597877832 44.301135
9.987774963444744 45.302359
9.989690639260283 46.303391
9.94830858857377 47.308587
9.990249516471923 48.309563
9.994962538880404 49.310067
Average 9.93263574520579