0.6685013463282864 14.958911
2.896284067541344 18.411611
2.9099730012704943 21.848069
2.804113859360791 25.414258
2.97755164265569 28.772722
2.804726525140166 32.338132
2.774216762317037 35.942753
2.669286126118431 39.689073
2.7836776278612727 43.281443
2.762050966469254 46.901941
2.7092025922734084 50.593064
2.7259008557147966 54.261576
2.7226138399718374 57.934517
2.707376952424889 61.628129
2.737065449803862 65.281677
2.7236408759664843 68.953233
2.643428463274584 72.736199
2.650060328623381 76.509698
2.707265542682207 80.203462
2.7176482993500475 83.883114
2.641988381591893 87.668142
2.6404173971821465 91.455422
2.6429429063544543 95.239083
2.6612157870771895 98.996764
2.6478892483251437 102.773357
2.6723020171604546 106.515449
2.70168555460066 110.216842
2.6382920119641264 114.007173
2.6027785181236673 117.849221
2.629079937701322 121.652833
2.711199749268247 125.341237
2.648888738196552 129.116405
2.651923386994119 132.887253
2.6178359972868748 136.707202
2.63634935214351 140.500326
2.7561337066608314 144.128597
2.763144624371212 147.747662
2.6863320499829686 151.47021
2.6466011950463035 155.248641
2.598834994248778 159.096519
2.6390836679251577 162.885713
2.6324303307569736 166.684484
2.6740813594601778 170.424086
2.689793873026128 174.141843
2.6217845123847856 177.956039
2.3879673192344555 182.143701
2.409603135953905 186.293762
2.4053159406541207 190.45122
2.4590609387268407 194.517813
2.655141229617145 198.284091
Average 2.5214419261016507