1.9215721842434155 5.204171
2.9298920774253276 8.617266
2.886341916640714 12.081859
2.9708888542945386 15.447855
2.7785040478636223 19.046914
2.718288782845423 22.725699
2.8061337594166833 26.289321
2.785160774798306 29.879778
2.7918705197457836 33.461606
2.8357274434896236 36.988038
2.7239747367687013 40.659144
2.7424308907415536 44.305544
2.745037863679773 47.948481
2.767606822704339 51.561711
2.7825537220690735 55.155532
2.7856557670456366 58.745351
2.7143074675212753 62.429532
2.7652833060399873 66.045798
2.5783376322816123 69.924266
2.788508111909523 73.510413
2.7583596917588213 77.135756
2.704798556070339 80.832889
2.6426614349017354 84.616953
2.680521028955524 88.347571
2.673410076242982 92.088112
2.7082120844214703 95.780585
2.609851930050749 99.61222
2.6415828998715924 103.397829
2.723537766617325 107.069524
2.743688966638937 110.714252
2.715284745123009 114.397107
2.7682634102292316 118.00948
2.6768744813555694 121.74518
2.6343137810173984 125.541235
2.6723498640442007 129.28326
2.634932245352243 133.078424
2.7364108469136843 136.732846
2.638754972074056 140.522512
2.730436558579605 144.18493
2.6387807355284645 147.974559
2.707101376615192 151.668547
2.6533876994783707 155.437314
2.674065627988268 159.176938
2.6790991154150543 162.909536
2.6267885146298986 166.716466
2.726346760772887 170.384378
2.751874990024453 174.018264
2.6514586071516733 177.789773
2.62753945119109 181.595615
2.9100898635749872 185.031935
Average 2.70206253296854