1.8806749366212547 5.317329
3.092621222247204 8.550832
3.018351273910247 11.863899
3.061175448515774 15.130618
2.972509341853734 18.494779
2.934383373079556 21.90265
2.966572072571846 25.273544
2.987449426215526 28.620881
2.9774505758091667 31.979459
2.882940230018269 35.44814
2.9455462751210915 38.843096
3.0039583158728256 42.172037
2.867856349075475 45.658962
2.900483539610889 49.106663
2.8951135116105635 52.560759
2.962242370078271 55.93658
2.8920356807794154 59.394352
2.8817530280019943 62.864462
2.8576253876011637 66.363871
2.89659531290326 69.8162
2.9012577242360336 73.262981
2.9818640049355816 76.616588
2.884523579105319 80.083365
2.889155525842196 83.544584
2.8132798059962245 87.099154
2.8319891296929245 90.630241
2.749214961667696 94.267643
2.7826032756249237 97.8614
2.837615200083085 101.385486
2.7460057287171513 105.027139
2.7269504513103 108.694239
2.8240035785773347 112.235311
2.9251577903241044 115.65393
2.8082054640377 119.214923
2.929004732978748 122.629052
2.8452003319779746 126.143743
2.8136336305749685 129.697866
2.863739276012346 133.189804
2.879107983248198 136.663102
2.769763927480933 140.273518
2.8530515811754515 143.778537
2.7480439423218552 147.417489
2.8879214993626356 150.880187
2.9719386579973235 154.244994
2.835162249247619 157.772129
2.5005788840116487 161.771203
2.610891071013626 165.601313
2.59927069662794 169.448546
2.6245678977027422 173.258697
2.6803291980321027 176.989582
Average 2.8248422069979173