7.933554891076258 1.261255
10.02970799508143 2.258293
9.761706971127799 3.282704
9.57903952886452 4.32665
9.572300060975552 5.371331
9.29621170076982 6.447038
9.575278927875168 7.491394
9.79690045663353 8.512125
9.7400383757512 9.538815
9.775773092575594 10.561752
8.126658854238622 11.79227
8.336105088275186 12.991871
8.940593333535986 14.110365
8.758285337929681 15.252141
8.821251453301176 16.385767
8.590762696502958 17.549808
8.890358761537463 18.674622
9.024871643763046 19.782671
9.235793502434555 20.865415
Average 9.08800906402041