0.6431842663750212 15.54775
0.6892664261494449 30.055928
0.7025197134056779 44.290404
0.8007906686746226 56.778062
0.6885689904470004 71.300935
0.910460241293815 82.284391
0.7847916790107857 95.026626
0.7769763870660159 107.89703
0.7037631482309575 122.106356
0.9614222588673658 132.507613
0.8332650750359366 144.508596
0.8809090276438062 155.860506
0.8841453899288944 167.170863
0.8805628346303878 178.527236
0.8868173623586291 189.803515
0.8920870009631864 201.013184
0.9363165251720739 211.693333
0.9439135088276207 222.287524
0.9529106799656152 232.781687
0.9844893699760277 242.939237
Average 0.8231513117358596