0.7640013562552076 13.089064
0.9489667507672633 23.626841
0.8626456738966438 35.219086
0.7706086768225183 48.195841
0.6138289650297342 64.487024
0.676842772131405 79.261504
0.8874955603034597 90.529166
0.6944220204000356 104.929631
0.6155987300936917 121.173979
0.6927865676997962 135.608439
0.6511682120516259 150.965454
0.6225856129928138 167.027502
0.7115064177523128 181.082189
0.7299024463483381 194.78265
0.7260655574756762 208.555511
0.7162217640312857 222.517667
0.7266237861749651 236.279947
0.7262028588137461 250.050204
0.6842008178662897 264.665796
0.7152722279606923 278.646487
Average 0.7177087956275113