0.5572852761719138 17.944204
0.7695975712732006 30.938008
0.7629697223095399 44.044688
0.7460007088498735 57.449501
0.761621873780215 70.579376
0.7641710165828167 83.665452
0.749597541080194 97.005944
0.9490569031741778 107.54272
0.9602304245745242 117.956887
0.9527967347274782 128.452305
0.907591485448631 139.470478
0.712426230935385 153.507019
0.7561357200102018 166.732158
0.7409383791928499 180.228557
0.7352356231658629 193.829639
0.6690440925480665 208.776337
0.7444329628067148 222.20938
0.7477287365762129 235.583214
0.6874372154998118 250.129997
0.7750228728625354 263.032842
Average 0.760310103424147