13.393837763121942 0.74688
14.996325900154462 1.41371
15.084594405425628 2.076638
14.818700607418538 2.751461
14.894184267868926 3.422864
15.15530397750953 4.082699
14.785681545990863 4.759029
15.210374692370172 5.416475
14.973713645694982 6.084312
14.842322586007548 6.758061
14.93919746631211 7.427441
15.009944087958273 8.093666
15.168890426003118 8.75291
14.98365283475728 9.420304
14.91166330657187 10.09092
14.78524432616249 10.76727
15.121889994299048 11.428563
14.849309210135544 12.101995
14.919783782493424 12.772246
14.981744744029399 13.439725
15.038769948928337 14.104673
14.948554549517834 14.773634
15.174483801997267 15.432635
14.767536819161174 16.109796
14.996190967494258 16.776632
14.870485506481302 17.449105
15.03922229173685 18.114033
15.016367840946632 18.779973
15.086369465188202 19.442823
14.95501531393568 20.111495
15.011994583672355 20.777629
14.950163629540926 21.446518
14.924170290752684 22.116572
15.049769588027607 22.781034
14.791258366305513 23.457109
15.138097292551299 24.117694
14.803169654686462 24.793225
14.94953783503783 25.462142
14.958079980853658 26.130677
14.98672925124802 26.797934
14.9656015648033 27.466133
15.154316403941335 28.126011
14.788305408083287 28.802221
15.032598189173223 29.467442
14.951169480476763 30.136286
15.09219823904231 30.79888
14.91998412513689 31.469122
14.984842831475962 32.136463
14.770830563802603 32.813473
