7.685786597986478 1.301728
20.46333073449033 1.790407
15.00156766382087 2.457004
14.952130753393012 3.125805
14.986257601779167 3.793083
14.972166742026573 4.460989
14.976427103738716 5.128705
14.981834525637664 5.79618
14.99209916374071 6.463198
14.86792082534802 7.135787
14.957408778503213 7.804352
14.974341465898183 8.472161
14.96705750642835 9.140295
14.926687573980395 9.810236
15.036192114419407 10.475298
14.95376296491249 11.144026
14.986684330971931 11.811285
14.977369195146135 12.478959
14.979231295808361 13.14655
14.8593046736971 13.819529
14.995066623081007 14.486415
14.978692809478519 15.15403
14.96551197764751 15.822233
14.9349805621228 16.491802
14.939777755866103 17.161156
15.066548946697562 17.824878
14.90352945384526 18.49586
15.02735730397188 19.161313
14.978647937365285 19.82893
14.943729386993276 20.498107
14.856677630894758 21.171205
14.929985831443446 21.840998
14.997742839702624 22.507765
14.937925450789246 23.177202
15.017089447791585 23.84311
14.996460835242884 24.509934
14.9391305127259 25.179317
15.005484504586427 25.84574
14.959914908004004 26.514193
14.961929370716211 27.182556
14.8720999405116 27.854956
14.991717076315334 28.521991
14.927601134497685 29.191891
14.997450433426316 29.858671
14.97185291651695 30.526591
15.010620013659665 31.192786
14.931167318660973 31.862526
14.967505545460805 32.53064
15.028599424705213 33.196038
14.954970583572862 33.864712
