0.6243673987561728 16.0163
9.614071924794885 17.056442
10.06274119132793 18.050207
10.099745082434119 19.040331
10.032787148400974 20.037063
9.978247420623042 21.039243
10.118467011773848 22.027535
10.04709071417735 23.022848
10.060848008756963 24.0168
9.93203508392073 25.023643
10.091947735821066 26.014532
10.07383110819194 27.007203
9.996621142053986 28.007541
10.058864474907157 29.001689
10.099908292832701 29.991797
10.037046739515551 30.988106
10.02285210279437 31.985826
10.054171878079089 32.980438
10.03875965101256 33.976577
10.035958840525604 34.972994
10.052958987948513 35.967726
10.031166835357455 36.964619
10.050756319413036 37.959569
9.990119771545942 38.960558
9.987126593820564 39.961847
10.033068995408867 40.958551
10.067877630988121 41.951809
10.108545562247413 42.941071
10.010440889848113 43.940028
10.004752257322227 44.939553
10.07026020545345 45.932576
10.005803365952252 46.931996
10.065070681958865 47.925531
10.042308244634645 48.921318
10.032585838804437 49.91807
9.850004137001738 50.933298
9.984314641697893 51.934869
9.999100080992712 52.934959
10.012325172287085 53.933728
10.037933350130142 54.929949
9.938006714117336 55.936187
9.886952584152798 56.947621
10.0814480185418 57.939542
9.850654231200766 58.954703
10.112286832993561 59.943599
10.015052624094013 60.942096
10.027143477393304 61.939389
9.969662317567643 62.942432
10.053858520092133 63.937075
10.046858548269126 64.932411
