7.90335149523507 1.265369
19.029423294297644 1.790871
14.992346407159145 2.457878
14.986257601779167 3.125156
14.831777974216436 3.799384
15.060195601820476 4.463386
15.025189730583325 5.128935
14.959265918902828 5.797417
14.956558675327512 6.46602
14.874422686469481 7.138315
15.011341068177009 7.804478
14.945583131817054 8.473572
14.992458793227007 9.140574
14.962198006735981 9.808925
14.95530606781633 10.477584
14.964213084408637 11.145845
15.00507921931574 11.812286
14.97239091115982 12.480182
14.964213084408637 13.148443
14.851404274531179 13.82178
14.960720627991208 14.490197
14.946610706556182 15.159245
14.998530144045883 15.825977
14.952577899192711 16.494758
14.991335008365166 17.16181
14.974162083325222 17.829627
14.972502998243725 18.497518
14.936319003926759 19.167027
15.021804148721868 19.832726
14.971225304963859 20.500674
14.814024733495696 21.17571
14.989627177992828 21.842838
14.972480580692686 22.51073
14.962421877454773 23.179071
14.959623974891768 23.847537
15.013121468163174 24.513621
14.97357911964339 25.181464
15.00334574610138 25.847982
14.896979935257725 26.519259
15.057406361754188 27.183384
14.851668956298965 27.856709
14.943416752466785 28.5259
14.971875332188484 29.193819
14.980891872416732 29.861336
14.982665056529596 30.528774
14.937233743808518 31.198242
14.985583868318678 31.86555
14.920273518454142 32.535779
15.030429103720481 33.201096
14.947995922186713 33.870082
