8.189250298702905 1.221184
17.59349181550761 1.789576
14.997742839702624 2.456343
14.948264058094935 3.125317
14.986212684330416 3.792597
14.97005988023952 4.460597
14.968670572491774 5.128659
14.992571180979825 5.795656
14.93846100986984 6.465069
14.908773216687093 7.135815
14.956267872740108 7.804431
14.966318300664357 8.472598
14.99122263914478 9.139655
14.972413328442345 9.80755
14.9923913613841 10.474555
14.906884148168468 11.145386
15.035604311008468 11.810474
15.00267047534461 12.477022
14.928849105164785 13.146866
14.897290629753165 13.818129
14.953069790462633 14.486888
14.981452961233993 15.15438
14.971023583853452 15.822337
14.99733797250988 16.489122
14.930297904234083 17.158901
14.962086073888766 17.827257
14.963720459745348 18.49554
15.034135003525504 19.160693
14.97959030820507 19.828268
14.947928889712687 20.497257
14.864053367897212 21.170021
15.003300726159756 21.836541
14.9955613138511 22.503405
14.900287277538713 23.174533
14.983607932921384 23.841929
14.989627177992828 24.509057
15.010191920313893 25.175271
14.973758488249343 25.843106
14.950185980313595 26.511994
14.981924308322009 27.179465
14.83644305179699 27.853481
14.969208338447812 28.521519
14.968827416904297 29.189574
14.969185930761526 29.857613
14.99952001535951 30.524301
14.932683462949024 31.193973
15.025708988078604 31.859499
14.982642608538008 32.526938
14.982014092082455 33.194405
14.94491305049587 33.863529
