6.548466840201038 1.527166
9.992435726155302 2.527923
9.975370809471414 3.530392
9.96068517561186 4.534339
9.995222283748369 5.534817
9.982650154032292 6.536555
9.990808456220277 7.537475
9.99470280751202 8.538005
9.964556074044623 9.541562
9.971232992815727 10.544447
9.961290425406869 11.548333
10.022801874263951 12.546058
9.98543125579779 13.547517
9.981045993658043 14.549416
9.9879146233058 15.550626
9.97768988541621 16.552862
9.974475317662103 17.555421
9.972505801505251 18.558178
9.99960001599936 19.558218
9.984324610361732 20.559788
9.99701089374277 21.560087
9.9312755730346 22.567007
10.02027100824969 23.564984
9.959157495112544 24.569085
9.985830107078055 25.570504
10.007756010908453 26.569729
9.974773797067217 27.572258
9.993664017013213 28.572892
9.946468108639303 29.578274
10.028772548441479 30.575405
9.978088118491792 31.577601
9.960199044617706 32.581597
10.012716149509878 33.580327
9.967188017047878 34.583619
9.993124730185633 35.584307
9.957312999172547 36.588594
10.004612126190175 37.588133
9.936999423654033 38.594473
10.006904764287357 39.593783
10.00569323945325 40.593214
9.994093490746968 41.593805
9.97378888281596 42.596433
9.952635408092886 43.601192
10.027042934795142 44.598495
9.91575573923942 45.606991
10.017530678687704 46.605241
10.018132820404933 47.603431
9.956311704241786 48.607819
9.996191451057147 49.6082
9.978237464090817 50.610381
Average 9.87852437842991