6.668404897543293 1.499708
9.983457411069857 2.501365
9.96811200968103 3.504564
9.972714652710184 4.5073
10.013658630371827 5.505936
9.964168848819645 6.509532
9.982500676314421 7.511285
10.011773846042946 8.510109
9.962084307127075 9.513915
9.991746817129052 10.514741
9.958205411886313 11.518938
9.994752754803727 12.519463
9.980039920159681 13.521463
9.992405771613573 14.522223
9.986119294181089 15.523613
9.97932284306916 16.525685
9.982550501722987 17.527433
9.964695085312735 18.530976
10.012716149509878 19.529706
9.963007353695726 20.533419
9.996281383325403 21.533791
9.945330518141773 22.539288
10.020461782960806 23.537246
9.977222002169048 24.539529
9.968579038869484 25.542681
10.020923688661926 26.540593
9.951070585928987 27.54551
9.975241450719313 28.547992
9.971948907722577 29.550805
10.0194778649695 30.548861
9.976624768168183 31.551204
9.962650025056066 32.554953
10.014089824382907 33.553546
9.960139521634419 34.557548
9.985511023504893 35.558999
9.971342362051464 36.561873
9.996641128580798 37.562209
9.944954675869065 38.567744
10.015473907186603 39.566199
10.01414999394144 40.564786
9.9660655468131 41.568191
10.00228051995855 42.567963
9.95274436973251 43.572711
9.991666949763896 44.573545
9.93739441518434 45.579845
10.013809042669841 46.578466
10.032032279067062 47.575273
9.956440572495334 48.579648
9.987735061344669 49.580876
9.956529790932786 50.585242
Average 9.883467200943183