6.654599659284497 1.502801
9.996121504856115 2.503189
9.986478308370465 3.504543
9.964367422098576 4.508119
10.00768590277333 5.507351
9.964556074044623 6.510908
9.96993068904185 7.513924
9.999210062405071 8.514003
9.990409207161125 9.514963
9.980577795609744 10.516909
9.94661650919515 11.522276
10.0388402730163 12.518407
9.988573072405169 13.519551
9.943817431511958 14.525201
10.02605772402474 15.522602
9.942433311128566 16.528392
10.004952451463474 17.527897
9.952566070109857 18.532663
10.012585820376213 19.531406
9.964317778036849 20.534987
9.988373533207348 21.536151
9.965340545582464 22.539629
10.004201764741191 23.539209
9.988932263052536 24.540317
9.965727861882984 25.543756
10.012666022518486 26.542491
9.972794217375 27.545219
9.98569050550561 28.546652
9.93120653235041 29.553579
10.019618412852365 30.551621
9.995611926364326 31.55206
9.96823124701576 32.555247
9.999350042247254 33.555312
9.959088066223952 34.55942
10.010230455525546 35.558398
9.951288443071165 36.563293
9.97905396572594 37.565392
9.965906633407116 38.568813
9.985840078768307 39.570231
10.022410109003733 40.567995
9.962719503617464 41.571737
9.985411314070145 42.573198
9.953655778694399 43.577854
10.055051406450316 44.572379
9.915224827722968 45.580929
10.014932264005633 46.579438
10.00080006400512 47.579358
9.951288443071165 48.584253
10.0099398702912 49.58326
9.95525114609829 50.587755
Average 9.8830489403642