9.06664345605942 1.103197
9.996191451057147 2.103578
9.994592925227453 3.104119
9.957818680071219 4.108355
10.03729860160356 5.104639
9.960814157105943 6.108573
9.9948226818508 7.109091
9.992415756440861 8.10985
10.015704624851768 9.108282
9.98983035270095 10.1093
9.984753281738785 11.110827
10.0274048975851 12.108094
9.973122435037574 13.110789
9.99866017953594 14.110923
9.977839219094392 15.113144
10.025645601448504 16.110586
9.997580585498309 17.110828
9.97635603619422 18.113198
10.001160134575612 19.113082
9.977122458203338 20.115375
10.018644697782573 21.113514
9.976863653188257 22.115833
9.991567117352954 23.116677
9.986368606851647 24.118042
10.000230005290122 25.118019
9.999230059285434 26.118096
9.957699691709617 27.122344
10.024027594143162 28.119947
9.983198277299305 29.12163
10.011613471627088 30.12047
9.940486308471183 31.126457
10.022902331828227 32.124172
9.986288825442667 33.125545
9.999610015209408 34.125584
9.996611148820548 35.125923
9.982809601865588 36.127645
9.970527121827876 37.130601
9.990049910289352 38.131597
9.994542979533175 39.132143
10.032998532172314 40.128854
9.972306903728347 41.131631
9.980099681235616 42.133625
9.981713500866412 43.135457
10.005372885239373 44.13492
9.96713834487694 45.138217
10.015263261210084 46.136693
9.945389864255375 47.142184
10.005863435973481 48.141598
10.019156627471727 49.139686
Average 9.97022446518905