5.742667618418113 1.741464
10.243393267427342 2.717703
10.258577709752009 3.692497
10.235100252806976 4.669527
10.240571505814597 5.646035
10.185207818980338 6.627851
10.24001572866416 7.604412
10.081630965931145 8.596315
9.936782191696427 9.602677
10.008958017425595 10.601782
9.898657544063875 11.61202
10.014751729297254 12.610547
9.932942703806603 13.617298
10.014571201097597 14.615843
10.009849692097024 15.614859
9.942393770493759 16.620653
9.99513237053555 17.62114
9.928534409321703 18.628338
10.023796492874084 19.625964
9.94708152628019 20.631284
10.007695918161065 21.630515
9.938628966134122 22.63669
9.99962001443945 23.636728
9.990848382881282 24.637644
9.945182155956369 25.643156
10.029818650848974 26.640183
9.897090057581272 27.650581
10.020311170743096 28.648554
9.95952449246263 29.652618
9.995691856809714 30.653049
9.999260054755949 31.653123
9.947972105886214 32.658353
9.986528173493957 33.659702
9.967168148120093 34.662996
9.970934725275821 35.665911
9.949130097809899 36.671024
10.031750490301805 37.667859
9.983606917441561 38.669501
9.94916969204335 39.67461
10.022319705985229 40.672383
9.91842098737881 41.680608
10.017751455579287 42.678836
9.915234658901056 43.687385
10.025414425568817 44.68485
9.967396645572332 45.688121
9.969761712725303 46.691154
9.991277614642419 47.692027
9.98780489022903 48.693248
9.94829869169924 49.698445
10.042499859405002 50.694213
